-5.825351458042860031e-03
6.744069047272205353e-03
-3.692744672298431396e-02
1.305086445063352585e-02
-8.453635871410369873e-02
-5.234657227993011475e-02
-8.362451940774917603e-02
-1.016761958599090576e-01
-1.807381398975849152e-02
-1.046008467674255371e-01
-1.287116855382919312e-01
-2.449989784508943558e-03
-2.014325559139251709e-02
-5.360508710145950317e-02
-1.333674788475036621e-01
-5.783959105610847473e-02
-1.029951274394989014e-01
-4.414758086204528809e-02
-6.834246218204498291e-02
4.185802116990089417e-02
-3.849999979138374329e-02
-5.445970222353935242e-02
3.122469643130898476e-03
-4.901291802525520325e-02
-6.092052906751632690e-02
-9.105578064918518066e-02
-9.577010571956634521e-02
-7.117433845996856689e-02
-5.317128822207450867e-02
-1.891493611037731171e-02
-9.933393448591232300e-02
-7.244439423084259033e-02
-1.464399322867393494e-02
-3.429145365953445435e-02
1.997278630733489990e-02
8.233444765210151672e-03
-1.038993522524833679e-01
4.751310870051383972e-02
-3.983775898814201355e-02
-6.041269376873970032e-02
-7.987800985574722290e-02
-1.205475535243749619e-02
-7.227183133363723755e-02
-4.913215711712837219e-02
9.765625931322574615e-03
-4.561067745089530945e-02
-3.413959592580795288e-02
-1.051213592290878296e-01
-1.102897152304649353e-01
-8.314340375363826752e-03
