-7.662972062826156616e-02 3.587360680103302002e-02 2.282154709100723267e-01 -2.382460236549377441e-02 -6.628793478012084961e-02
-7.814119011163711548e-02 -5.110337957739830017e-02 3.005991876125335693e-01 -3.005974292755126953e-01 -1.180826500058174133e-01
4.137592855840921402e-03 2.118157446384429932e-01 7.834534160792827606e-03 -1.716205477714538574e-01 -4.449045285582542419e-02
3.654559329152107239e-02 2.971218824386596680e-01 3.422404229640960693e-01 2.902087569236755371e-01 2.394009381532669067e-01
-2.672629617154598236e-02 1.701739877462387085e-01 -1.369623988866806030e-01 1.680169403553009033e-01 -5.485261604189872742e-02
1.325770914554595947e-01 2.559834122657775879e-01 5.619341135025024414e-02 -4.182607308030128479e-02 1.389362663030624390e-01
8.275409787893295288e-02 3.179796040058135986e-01 1.269677281379699707e-01 7.383090257644653320e-02 -2.135509401559829712e-01
7.144174724817276001e-02 4.305375516414642334e-01 -1.388248205184936523e-01 -3.288539648056030273e-01 -3.188201487064361572e-01
3.315146863460540771e-01 2.591868937015533447e-01 -1.133832335472106934e-01 -4.767407476902008057e-01 -4.605338349938392639e-02
2.818005681037902832e-01 -5.738133192062377930e-02 -3.122431635856628418e-01 -3.485654294490814209e-01 -2.856205403804779053e-01
1.268895119428634644e-01 1.405591666698455811e-01 -7.825231552124023438e-02 -1.857503801584243774e-01 -1.338952034711837769e-01
-2.941049821674823761e-02 2.016488462686538696e-01 -3.237289488315582275e-01 6.965365260839462280e-02 -1.686342358589172363e-01
1.003988683223724365e-01 -3.252944946289062500e-01 -2.037234902381896973e-01 -1.991763859987258911e-01 3.281073272228240967e-01
-2.773956358432769775e-01 -9.295662492513656616e-02 -1.481747031211853027e-01 2.237232029438018799e-01 2.709516286849975586e-01
9.100177884101867676e-02 -1.098170131444931030e-01 2.250466346740722656e-01 3.458605408668518066e-01 3.464940488338470459e-01
9.350847452878952026e-02 5.066747590899467468e-02 -1.507995724678039551e-01 -1.546955406665802002e-01 -3.485950231552124023e-01
-2.084624208509922028e-02 2.367031127214431763e-01 3.418495655059814453e-01 -6.365992873907089233e-02 7.117950916290283203e-02
-2.055095285177230835e-01 3.368507027626037598e-01 4.115018248558044434e-01 2.724445760250091553e-01 1.958807557821273804e-01
-1.156904399394989014e-01 -6.584348529577255249e-02 5.145236849784851074e-01 4.538647532463073730e-01 2.738847434520721436e-01
-8.476200699806213379e-02 2.388780266046524048e-01 3.967420756816864014e-01 2.041840106248855591e-01 -1.058284938335418701e-01
9.028718620538711548e-02 -1.280905306339263916e-01 3.624148294329643250e-02 -1.127535253763198853e-01 1.715735346078872681e-01
5.528456345200538635e-02 -1.570317298173904419e-01 5.863558873534202576e-02 3.896739482879638672e-01 9.564150869846343994e-02
3.358843550086021423e-02 1.226350665092468262e-01 2.953511476516723633e-01 3.105128705501556396e-01 -2.053969502449035645e-01
6.749131530523300171e-02 4.545414447784423828e-01 3.456593453884124756e-01 2.391073852777481079e-01 -7.957698404788970947e-02
9.760527312755584717e-02 2.831645905971527100e-01 4.340264946222305298e-02 -1.086626648902893066e-01 -2.666406333446502686e-01
-2.249744683504104614e-01 -4.033196270465850830e-01 5.227375030517578125e-02 -2.025138139724731445e-01 -9.843333065509796143e-02
1.343223918229341507e-02 -1.497312188148498535e-01 -1.100623384118080139e-01 -1.357718855142593384e-01 8.262417465448379517e-02
3.382410705089569092e-01 4.038697481155395508e-01 3.319100141525268555e-01 -5.190904811024665833e-02 -1.065401062369346619e-01
6.301330029964447021e-02 1.413180381059646606e-01 3.098863363265991211e-01 1.277764588594436646e-01 -7.141820341348648071e-02
-7.671608030796051025e-02 6.327973306179046631e-02 2.919332683086395264e-01 6.132344156503677368e-02 -1.997158676385879517e-01
1.594553738832473755e-01 -4.379169270396232605e-02 -6.394710391759872437e-02 -2.030313909053802490e-01 8.157363533973693848e-02
-1.532950252294540405e-01 1.622862666845321655e-01 1.252408921718597412e-01 3.631886541843414307e-01 2.220416963100433350e-01
7.153490185737609863e-02 1.928208023309707642e-01 1.809632927179336548e-01 -2.744942903518676758e-02 8.629620820283889771e-02
-5.207500606775283813e-02 -3.256785869598388672e-01 -3.599522709846496582e-01 -3.219938874244689941e-01 7.718127686530351639e-03
-1.850165724754333496e-01 6.986048817634582520e-02 -1.811524182558059692e-01 3.657725080847740173e-02 -2.291184663772583008e-01
3.079686760902404785e-01 3.060201704502105713e-01 4.259103834629058838e-01 1.863777190446853638e-01 1.100723072886466980e-01
3.152900636196136475e-01 -2.039809711277484894e-02 4.454762339591979980e-01 2.797861397266387939e-01 -2.505075633525848389e-01
2.168230563402175903e-01 1.142103299498558044e-01 -1.053477749228477478e-01 1.342400014400482178e-01 -7.575241476297378540e-02
-2.961132824420928955e-01 -1.749729514122009277e-01 1.753091579303145409e-03 3.251174986362457275e-01 1.186987236142158508e-01
-4.928744435310363770e-01 -1.242890954017639160e-01 -3.032878935337066650e-01 1.244637891650199890e-01 2.184167951345443726e-01
-3.361949026584625244e-01 -3.207646608352661133e-01 -1.605721414089202881e-01 2.368474006652832031e-01 1.883796304464340210e-01
-3.750354647636413574e-01 -1.456896513700485229e-01 2.246782183647155762e-02 4.310221672058105469e-01 2.908512353897094727e-01
9.792535006999969482e-02 -2.447952479124069214e-01 1.964397579431533813e-01 2.591162323951721191e-01 1.182520985603332520e-01
2.034872621297836304e-01 -1.663288623094558716e-01 1.483359038829803467e-01 2.226546257734298706e-01 8.533503115177154541e-02
-5.773266777396202087e-02 -6.893705576658248901e-02 2.814254462718963623e-01 2.116931229829788208e-02 -6.670578569173812866e-02
-2.765009105205535889e-01 6.184769794344902039e-02 -1.682624071836471558e-01 -6.713811308145523071e-02 -3.590245246887207031e-01
-6.779827177524566650e-02 2.996348440647125244e-01 4.519326612353324890e-02 -2.270218878984451294e-01 -1.825697422027587891e-01
3.473648130893707275e-01 9.490007162094116211e-02 5.139945074915885925e-02 3.709667623043060303e-01 4.211670458316802979e-01
-4.647599533200263977e-02 1.271528005599975586e-01 2.434630393981933594e-01 1.712579429149627686e-01 3.043498098850250244e-01
-3.171249032020568848e-01 -3.084923028945922852e-01 -2.183675318956375122e-01 -6.807488948106765747e-02 -2.931090891361236572e-01
-7.042831182479858398e-02 -1.663203686475753784e-01 -8.551575243473052979e-03 1.388558745384216309e-01 3.479985296726226807e-01
-2.176433354616165161e-01 1.172652021050453186e-01 -1.065275818109512329e-01 3.285693228244781494e-01 2.879841327667236328e-01
-2.652772665023803711e-01 1.699681021273136139e-02 -3.193178474903106689e-01 1.213740557432174683e-01 3.376524150371551514e-01
-3.534564375877380371e-01 -1.181275695562362671e-01 -2.947403192520141602e-01 -1.292127519845962524e-01 2.456571161746978760e-01
-2.395124435424804688e-01 -2.725847363471984863e-01 7.097740471363067627e-02 8.993159979581832886e-02 -2.255760729312896729e-01
-8.616326749324798584e-02 2.056468976661562920e-03 8.477825671434402466e-03 -1.084563881158828735e-02 1.401996612548828125e-01
4.014818742871284485e-02 3.094283044338226318e-01 3.561813235282897949e-01 2.313947379589080811e-01 9.411962702870368958e-03
-3.804856538772583008e-02 5.790211632847785950e-02 -2.697990238666534424e-01 -1.089459881186485291e-01 1.287259608507156372e-01
-1.010157316923141479e-01 -3.407454490661621094e-01 -2.103866338729858398e-01 2.597866058349609375e-01 -3.913373127579689026e-02
-2.150981873273849487e-01 -8.794500678777694702e-02 1.670975089073181152e-01 7.403663545846939087e-02 -6.089108809828758240e-02
-2.986634373664855957e-01 4.801081493496894836e-02 -2.366114854812622070e-01 -2.846077382564544678e-01 -9.705146402120590210e-02
1.372642815113067627e-01 -8.271693438291549683e-02 -2.002198249101638794e-01 -2.706471979618072510e-01 -4.689029157161712646e-01
-1.580785401165485382e-02 5.114513263106346130e-02 -3.000597953796386719e-01 -2.746366858482360840e-01 2.276906929910182953e-02
-1.491861790418624878e-01 -2.681409716606140137e-01 -3.097647801041603088e-02 3.818488419055938721e-01 3.229025602340698242e-01
5.839141830801963806e-02 4.595980346202850342e-01 4.307482838630676270e-01 3.484737277030944824e-01 2.625170350074768066e-01
-3.338908776640892029e-02 -1.005944088101387024e-01 -1.642495989799499512e-01 -2.919031977653503418e-01 4.195564985275268555e-02
1.922353357076644897e-01 1.237770840525627136e-01 -1.245830580592155457e-01 -3.979574143886566162e-01 -4.079641699790954590e-01
-4.567170143127441406e-02 4.494830071926116943e-01 2.758536338806152344e-01 -2.592720687389373779e-01 7.936754822731018066e-02
3.079469799995422363e-01 3.926259279251098633e-01 -6.523139774799346924e-03 -6.120107322931289673e-02 -2.652656435966491699e-01
-1.557076871395111084e-01 2.868912220001220703e-01 4.198816716670989990e-01 -5.358636006712913513e-02 -1.638555228710174561e-01
1.695559173822402954e-01 -1.996866911649703979e-01 -4.443111121654510498e-01 -4.087951183319091797e-01 -3.986597955226898193e-01
3.866785764694213867e-01 4.241980314254760742e-01 -6.713256984949111938e-02 1.933200210332870483e-01 1.897154748439788818e-01
1.392394155263900757e-01 4.726583063602447510e-01 6.277697086334228516e-01 2.393372058868408203e-01 5.564301460981369019e-02
-1.254661679267883301e-01 -7.286130636930465698e-02 1.657880097627639771e-01 3.463481664657592773e-01 1.401079297065734863e-01
-4.596034437417984009e-02 -3.809646368026733398e-01 -3.140405714511871338e-01 -3.086686432361602783e-01 -2.138887904584407806e-02
-3.468165397644042969e-01 -1.210050135850906372e-01 -1.582699418067932129e-01 1.418477110564708710e-02 -4.224443063139915466e-02
1.029163319617509842e-02 5.127226561307907104e-02 2.165588438510894775e-01 -1.782929599285125732e-01 -4.290300607681274414e-02
6.821899861097335815e-02 5.563465505838394165e-02 -6.437636911869049072e-02 -3.405784815549850464e-02 -1.295644138008356094e-02
-4.195491969585418701e-02 1.086847037076950073e-01 1.532264500856399536e-01 1.765766441822052002e-01 1.748741120100021362e-01
2.324053794145584106e-01 3.504616320133209229e-01 8.829344063997268677e-02 -1.945681124925613403e-02 -8.512096107006072998e-02
-3.640058636665344238e-01 -3.326206207275390625e-01 -1.861620992422103882e-01 1.000688821077346802e-01 2.713848948478698730e-01
-2.831463515758514404e-01 1.068988516926765442e-01 -2.641973793506622314e-01 3.062826581299304962e-02 7.336594630032777786e-03
2.347094714641571045e-01 -9.262050688266754150e-02 -3.000706732273101807e-01 3.953975066542625427e-02 -3.109961152076721191e-01
3.582423031330108643e-01 1.838222146034240723e-01 -1.117069944739341736e-01 -2.785366773605346680e-01 2.384478412568569183e-02
3.538959920406341553e-01 1.562342196702957153e-01 2.400008738040924072e-01 2.427776753902435303e-01 2.497805505990982056e-01
-1.626755744218826294e-01 1.718105934560298920e-02 3.085788190364837646e-01 2.298684716224670410e-01 2.747936248779296875e-01
-2.949376702308654785e-01 -3.418353796005249023e-01 3.057379834353923798e-02 -1.532236766070127487e-02 -1.030684486031532288e-01
-1.643517911434173584e-01 -4.267194569110870361e-01 -4.360885322093963623e-01 -1.871581524610519409e-01 8.692937344312667847e-02
-2.433621138334274292e-01 -1.693187057971954346e-01 -2.516951858997344971e-01 -1.289657503366470337e-01 3.104084134101867676e-01
-3.101898431777954102e-01 -2.869489490985870361e-01 1.164386868476867676e-01 1.082528829574584961e-01 1.965839266777038574e-01
-1.044768467545509338e-01 -6.430325657129287720e-02 -2.563836872577667236e-01 -1.011851951479911804e-01 6.306098401546478271e-02
-5.429128929972648621e-02 -1.114429682493209839e-01 -7.979009300470352173e-02 -5.236301571130752563e-02 -1.340622454881668091e-01
-2.319201976060867310e-01 1.094867736101150513e-01 -1.457920670509338379e-01 -2.953321337699890137e-01 3.646219847723841667e-03
1.745120882987976074e-01 2.336505949497222900e-01 -2.109515219926834106e-01 -1.987650096416473389e-01 -1.820780336856842041e-02
2.653102576732635498e-01 2.838313877582550049e-01 -2.405682653188705444e-01 -4.113356769084930420e-02 1.507120579481124878e-01
8.495523594319820404e-03 -1.775963306427001953e-01 3.155250847339630127e-01 4.281857609748840332e-01 6.480360776185989380e-02
-5.420115962624549866e-02 -3.938140720129013062e-02 4.689585566520690918e-01 4.353150725364685059e-01 4.055368602275848389e-01
1.928458213806152344e-01 -2.098452858626842499e-02 3.276880085468292236e-01 2.140773236751556396e-01 2.661172747611999512e-01
-2.571808397769927979e-01 -8.027080446481704712e-02 3.834066689014434814e-01 3.821450471878051758e-01 -2.092146724462509155e-01
-2.083065658807754517e-01 3.177850544452667236e-01 1.817304044961929321e-01 -1.805070228874683380e-02 -2.147116363048553467e-01
